running test Test_05/1 - random = 864Test_05, 0, -141;-151;-186;-166;-154;-146;-172;0;-170;-155;-171;-196;-29;-176;-170;-182;-179;-166;0;-176;-122;-202;-181;-170;-157;-167;-133;-152;-31;-33;-172;-179;-21;-182;-33;-192;-190;-188;-165;-180;-142;-164;-177;0;-187;-187;-156;-163;-172;-163;-188;-187;-177;-19;-181;-172;-172;-174;-168;-154;-174;-188;-162;-148;-159;0;-157;-177;-137;-185;-176;-160;-170;-196;-165;-191;-197;-190;-21;-182;
running test Test_05/2 - random = 137Test_05, 1, -43;-118;-115;-116;-133;-137;-140;-21;-135;-110;-121;-91;-133;-147;-21;-130;-134;-137;-51;-123;-111;-133;-122;-132;-111;-147;-133;-16;-122;-34;-132;-124;-127;-117;-147;-27;-136;-127;-122;-104;-136;-34;-136;-130;-127;-137;-93;-138;-137;-138;-124;-128;-148;-128;-133;-19;-133;-139;-118;-41;-126;-133;-148;-137;-129;-138;-115;-133;-133;-128;-129;-137;-129;-140;-132;-132;-34;-34;-151;-133;
running test Test_05/3 - random = 978Test_05, 2, -185;-161;-40;-40;-173;-139;-181;-50;-175;-175;-184;-170;-21;-174;-173;-77;-157;-158;-163;-135;-77;-77;-17;-176;-42;-48;-153;-140;-177;-17;-162;-34;-184;-13;-42;-142;-177;-34;-186;-59;-187;-205;-40;-164;-143;-161;-29;-29;-77;-13;-13;-167;-138;-158;-17;-195;-77;-13;-178;-155;-145;-42;-187;-124;-178;-140;-173;-129;-161;-40;-17;-169;-48;-42;-50;-143;-40;-40;-28;-182;
running test Test_05/4 - random = 243Test_05, 3, -15;-150;-158;-157;-176;-172;-156;-128;-175;-152;-168;-164;-175;-165;-114;-155;-118;-106;-167;-158;-147;-156;-165;-155;-116;-151;-126;-167;-171;-179;-119;-145;-153;-172;-174;-159;-171;-150;-109;-148;-111;-169;-144;-151;-158;-115;-161;-130;-180;-148;-162;-125;-147;-112;-137;-154;-161;-158;-134;-133;-158;-170;-140;-186;-160;-130;-146;-156;-158;-132;-158;-133;-128;-131;-168;-165;-113;-183;-173;-170;
running test Test_05/5 - random = 241Test_05, 4, -100;-138;-111;-122;-122;-133;-44;-116;-114;-140;-38;-152;-50;-142;-111;-42;-112;-124;-117;-108;-125;0;-136;-137;-117;-107;-123;-128;-125;-116;-14;-81;-71;-96;-141;-13;-27;-128;-51;-144;-87;-24;-121;-44;-27;-127;-116;-115;-14;-125;-84;-107;-104;-135;-111;-117;-118;-29;-126;-38;-99;-120;-121;-127;-120;-134;-105;-38;-141;-38;-110;-148;-133;-109;-147;-111;-119;-44;-38;-105;
running test Test_05/6 - random = 637Test_05, 5, -192;-132;-175;-194;-131;-174;-159;-172;-206;-179;-164;-177;-188;-115;-182;-209;-123;-199;-136;-209;-185;-169;-201;-189;-170;-192;-204;-204;-187;-109;-175;-190;-172;-190;-216;-186;-185;-205;-167;-169;-114;-15;-205;-191;-190;-128;-172;-187;-159;-187;-173;-162;-199;-202;-152;-189;-194;-213;-202;-124;-191;-157;-170;-211;-196;-187;-120;-160;-128;-180;-205;-182;-176;-175;-195;-44;-169;-148;-42;-131;
running test Test_05/7 - random = 812Test_05, 6, -190;-14;-146;-14;-28;-125;-152;-166;-177;-155;-159;-176;-182;-45;-116;-177;-171;-182;-80;-179;-24;-164;-195;-154;-159;-53;-190;-30;-172;-174;-57;-158;-165;-163;-171;-186;-155;-42;-182;-183;-198;-149;-45;-154;-169;-130;-129;-173;-194;-156;0;-163;-150;-200;-193;-183;-150;-30;-147;-178;-191;-181;-63;-183;-157;-176;-155;-176;-165;-78;-176;-80;-190;-191;-175;-14;-171;-175;-182;-145;
running test Test_05/8 - random = 331Test_05, 7, -127;-129;-35;-25;-156;-185;-149;-182;-179;-202;-167;-204;-194;-201;-81;-210;-186;-198;-205;-157;-163;-191;-175;-178;-210;-190;-134;-30;-17;-192;-194;-51;-196;-66;-186;-175;-179;-186;-169;-198;-125;-209;-181;-191;-200;-193;-186;-166;-213;-189;-205;-192;-182;-201;-183;-53;-157;-173;-203;-199;-25;-81;-210;-25;-197;-201;-201;-181;-199;-187;-166;-194;-179;-214;-171;-146;-171;-182;-15;-17;
running test Test_05/9 - random = 232Test_05, 8, -143;-122;-144;-141;-116;-137;-33;-141;-149;-135;-28;-108;-48;-48;-139;-151;-160;-110;-125;-136;-140;-144;-153;-109;-139;-156;-145;-162;-133;-48;-132;-147;-161;-113;-152;-142;-124;-152;-28;-101;-146;-153;-48;-156;-163;-48;-124;-167;-138;-149;-137;-32;-144;-148;-158;-130;-135;-145;-147;-146;-123;-124;-148;-148;-146;-15;-153;-48;-148;-157;-143;-141;-48;-48;-158;-19;-119;-122;-126;-138;
running test Test_05/10 - random = 474Test_05, 9, -151;-157;-162;-117;-31;-154;-153;-144;-158;-151;-145;-169;-155;-158;-151;-156;-41;-141;-152;-166;-146;-151;-147;-163;-157;-138;-152;-177;-169;-146;-16;-157;-147;-152;-34;-134;-156;-156;-183;-166;-153;-137;-34;0;-135;-177;-137;-152;-128;-151;-129;-131;-169;-164;-150;-152;-34;-149;-162;-152;-152;-151;-154;-130;-167;-155;-147;-115;-154;-166;-153;-160;-158;-151;-162;-158;-60;-159;-163;-152;
running test Test_05/11 - random = 585Test_05, 10, -149;-149;-135;-114;-122;-134;-107;-136;-118;-124;-158;-112;-137;-139;-138;-136;-150;-142;-112;-54;-116;-137;-151;-138;-155;-146;-110;-31;-145;-137;-131;-155;-132;-143;-138;-138;-140;-142;-122;-107;-138;-132;-19;-137;-132;-134;-131;-143;-139;0;-130;-45;-113;-117;-147;-26;-115;-110;-139;-115;-31;-135;-140;-120;-154;-120;-112;-122;-123;-141;-19;-120;-132;-19;-150;-142;-114;-47;-150;-121;
running test Test_05/12 - random = 463Test_05, 11, -146;-149;-94;-121;-128;-130;-120;-133;-110;-130;-115;-22;-90;-126;-121;-126;-118;-138;-112;-140;-125;-91;-21;-128;-104;-127;-119;-134;-133;-132;-118;-128;-116;-133;-105;-14;-131;-130;-132;-140;-94;-133;-21;-130;-134;-135;-131;-133;-136;-133;-101;-121;-24;-24;-130;-121;-144;-36;-122;-21;-125;-87;-27;-113;-114;-131;-130;-112;-134;-134;-126;-113;-143;-53;-139;-128;-120;-140;-128;-104;
running test Test_05/13 - random = 485Test_05, 12, -151;-157;-143;-158;-160;-142;-33;-105;-171;-155;-128;-157;-140;-123;-21;-148;-49;-121;-117;-161;-21;0;-135;-129;-167;-138;-127;-119;-160;-147;-118;-141;-164;-114;-150;-96;-171;-99;-143;-117;-127;-116;-157;-128;-124;-122;-160;-146;-143;-158;-134;-132;-49;-179;-112;-108;-125;-159;-156;-110;-151;-154;-134;-140;-180;-34;-132;-164;-155;-145;-173;-85;-160;-129;-113;-148;-149;-21;-120;-163;
running test Test_05/14 - random = 265Test_05, 13, -180;-156;-156;-15;-151;-27;-27;-181;-167;-15;-12;-146;-187;-150;-64;-156;-20;-178;-26;-184;-150;-158;-22;-20;-182;-179;-32;-133;-138;-15;-174;-175;-47;-177;-166;-173;-40;-183;-150;-155;-30;-184;-188;-32;-41;-183;-149;-170;-155;-20;-12;-150;-195;-165;-15;-176;-66;-164;-12;-153;-66;-22;-172;-144;-30;-167;-27;-186;-158;-162;0;-12;-159;-195;-141;-151;-188;-47;-27;-27;
running test Test_05/15 - random = 109Test_05, 14, -149;-118;-117;-133;-132;-145;-142;-135;-17;-156;-31;-141;-127;-50;-135;-139;-134;-157;-121;-46;-17;-17;-145;-44;-123;-17;-29;-120;-29;-118;-120;-44;-145;-111;-139;-154;-134;-147;-27;-150;-149;-46;-132;-141;-115;-46;-119;-141;-151;-134;-135;-149;-118;-137;-124;-124;-17;-17;-140;-106;-139;-140;-155;-135;-130;-46;-139;-136;-141;-144;-19;-137;-29;-141;-114;-48;-129;-142;-142;-130;
running test Test_05/16 - random = 988Test_05, 15, -142;-178;-148;-149;-18;-18;-137;-43;-142;-150;-177;-183;-132;-179;-139;-177;-147;-137;-139;-127;-166;-147;-21;-157;-18;-181;-138;-143;-18;-176;-161;-139;-136;-169;-21;-130;-183;-157;-117;-151;-148;-164;-167;-16;-161;-39;-21;-150;-160;-166;-127;-145;-185;-18;-24;-24;-161;-151;-21;-134;-159;-154;-156;-39;-115;-174;-150;-190;-139;-18;-159;-18;-138;-44;-24;-156;-43;-115;-156;-168;
running test Test_05/17 - random = 370Test_05, 16, -143;-122;-148;-176;-123;-157;-185;-184;-159;-46;-128;-46;-121;-161;-168;-25;-140;-46;-127;-149;-126;-149;-37;-171;-121;-162;-127;-135;-138;-181;-113;-142;-121;-130;-161;-142;-25;-160;-133;-158;-150;-153;-157;-150;-149;-148;-137;-155;-155;-168;-131;-151;-176;-98;-130;-50;-162;-157;-118;-151;-139;-152;-21;-147;-141;-170;-156;-160;-46;-134;-157;-145;-118;-27;-146;-147;-146;-104;0;-25;
running test Test_05/18 - random = 534Test_05, 17, -120;-141;-145;-136;-145;-127;-149;-138;-131;-108;-141;-17;-145;-123;-142;-131;-150;-135;-137;-48;-33;-153;-114;-19;-150;-140;-151;-126;-142;-32;-155;-155;-151;-147;-121;-153;-138;-136;-49;-126;-19;-162;-110;-155;-141;-136;-143;-140;-32;-154;-140;-134;-127;-169;-152;-33;-138;-131;-19;-143;-145;-145;-145;-124;-48;-149;-139;-134;-136;-156;-113;-135;-128;-144;-144;-134;-117;-134;-146;-152;
running test Test_05/19 - random = 185Test_05, 18, -147;-139;-111;-23;-167;-106;-120;-116;-152;-173;-125;-139;-143;-142;-161;-148;-100;-16;-136;-139;-127;-143;-119;-32;-129;-168;-53;-53;-53;-53;-33;-130;-154;-131;-130;-138;-51;-158;-15;-15;-159;-148;-23;-152;-114;-35;-32;-147;-163;-106;-34;-161;-53;-19;-136;-115;-135;-144;-64;-142;-108;-34;-32;-40;-135;-18;-133;-35;-100;-139;-132;-128;-160;-148;-143;-122;-111;-150;-145;-151;
running test Test_05/20 - random = 693Test_05, 19, -113;-122;-96;-113;-110;-36;-132;-94;-118;-100;-111;-114;-40;-34;-126;-116;-110;-85;-29;-118;-117;-24;-41;-110;-109;-111;-104;-40;-113;-106;-24;-121;-40;-14;-116;-24;-130;-107;-126;-126;-107;-40;-35;-122;-113;-118;-119;-124;-117;-95;-40;-34;-124;-41;-105;-119;-114;-46;-115;-104;-103;-102;-115;-123;-29;-116;-35;-127;-29;-53;-103;-40;-146;-115;-106;-127;-123;-46;-127;-33;
running test Test_05/21 - random = 927Test_05, 20, -175;-206;-198;-35;-211;-170;-178;-164;-170;-181;-170;-168;-165;-204;-70;-169;-53;-204;-171;-180;-214;-143;-147;-196;-170;-195;-171;-193;-175;-182;-147;-37;-194;-195;-20;-165;-152;-146;-20;-191;-148;-53;-168;-109;-183;-174;-196;-180;-186;-166;-184;-191;-183;-187;-164;-195;-176;-183;-175;-160;-148;-185;-151;-33;-188;-197;-176;-193;-187;-158;-31;-192;-33;-183;-207;-159;-170;-171;-159;-128;
running test Test_05/22 - random = 168Test_05, 21, -131;-131;-115;-148;-135;-108;-123;-122;-124;-17;-142;-144;-148;-114;-15;-127;-102;-39;-137;-116;-113;-131;-120;-31;-84;-111;-130;-115;-124;-148;-131;-37;-109;-113;-110;-123;-17;0;-135;-111;0;-29;-29;-133;-132;-106;-129;-135;-137;-15;-124;-142;-39;-135;-79;-111;-89;-131;-133;-128;-117;-137;-92;-150;0;-15;-84;-144;-108;-137;-112;-85;-125;-125;-130;-89;-123;-136;-107;-111;
running test Test_05/23 - random = 981Test_05, 22, -90;-106;-128;-26;-135;-111;-90;-52;-124;-128;-105;-108;-38;-42;-108;-123;-30;-112;-117;-26;-38;-38;-42;-130;-14;-14;-104;-14;-130;-135;-126;-26;-113;-130;-124;-109;-126;-26;-28;-108;-119;-97;-26;-127;-124;-130;-130;-106;-26;-110;-102;-14;-129;-123;-112;-28;-88;-114;-104;-40;-113;-52;-38;-42;-38;-42;-126;-26;-54;-121;-28;-28;-14;-139;-118;-42;-110;-110;-120;-14;
running test Test_05/24 - random = 947Test_05, 23, -160;-150;-161;-34;-149;-152;-157;-151;-172;-160;-168;-14;-160;-163;-163;-163;-133;-144;-152;-178;-132;-147;-30;-157;-144;-149;-153;-122;-14;-14;-161;-176;-165;-128;-98;-18;-131;-175;-132;-131;-135;-156;-154;-158;-160;-155;-158;-145;-160;-48;-14;-14;-164;-135;-48;-160;-46;-125;-78;-153;-161;-161;-156;-159;-46;-133;-11;-158;-159;-134;-27;-139;-144;-150;-32;-138;-163;-160;-109;-18;
running test Test_05/25 - random = 729Test_05, 24, -115;-34;-150;-143;0;-20;-136;-182;-156;-151;-122;-167;-151;-123;-20;-148;-150;-14;-142;-132;-146;-155;-154;-141;-13;0;-166;-160;-132;-35;-60;-138;-137;-119;-149;-162;-186;-144;-138;-156;-44;-42;-171;-100;-157;-177;-158;-121;-156;-149;-14;0;-161;-161;-69;-144;-147;-168;-14;-146;-45;-120;-16;-124;-166;0;-151;-144;0;-13;-165;-141;-36;-34;-168;0;-163;-120;-176;-170;
running test Test_05/26 - random = 386Test_05, 25, -24;-20;-159;-156;-20;-24;-123;-131;-150;-99;-152;-140;-134;-130;-20;-165;-138;-27;-98;-141;-145;-36;-124;-148;-139;-138;-161;-20;-24;-20;-146;-153;-140;-135;-138;-36;0;-144;-165;-14;-36;-143;-145;-15;-139;-140;-127;-129;-162;-20;-15;-148;-112;-135;-148;-15;-14;-14;-27;-139;-156;-132;-132;-36;-148;-24;-133;-136;-24;-115;-134;-36;-27;-149;0;-15;-167;-153;-91;-128;
running test Test_05/27 - random = 765Test_05, 26, -25;-211;-156;-189;-227;-190;-188;-175;-225;-241;-256;-27;-13;-196;0;-197;0;-224;-157;-263;-15;0;-140;-209;-221;-163;-20;-227;-16;-221;-163;-27;-26;-203;-25;-213;-192;-49;-228;-161;-191;-196;-26;-237;-185;-141;-239;-194;-227;-195;-34;-217;-137;-34;-199;-241;-204;-205;-237;-242;-191;-231;-204;-175;-25;-193;-13;-188;-26;-173;-233;-34;-235;-171;0;-216;-176;0;-235;-237;
running test Test_05/28 - random = 664Test_05, 27, -183;-171;-133;-192;-178;-175;-32;-172;-56;-190;-182;-168;-169;-173;-163;-179;-146;-167;-131;-179;-164;-172;-17;-114;-162;-164;-45;-185;-32;-169;-135;-164;-194;-146;-189;-178;-178;-161;-141;-47;-188;-45;-47;-45;-180;-107;-163;-187;-56;-155;-142;-206;-172;-197;-139;-168;-47;-188;-153;-189;-176;-199;-174;-47;-128;-189;-174;-199;-182;-211;-175;-189;-17;-205;-165;-138;-45;-173;-180;-146;
running test Test_05/29 - random = 115Test_05, 28, -184;-56;-14;-14;-61;-163;-141;-73;-39;-67;-22;-161;-50;-56;-176;-155;-79;-27;-27;-184;-25;-198;-14;-178;0;-179;-36;0;-149;-175;-145;-45;-184;-56;-27;-27;-174;-13;-174;-27;-104;-179;-147;-36;-163;-73;-61;-122;-14;-177;-174;-73;-176;-70;-160;-179;-125;-73;-56;-164;-39;-177;-163;-193;-180;-13;-81;-173;-176;-27;-174;-178;-67;-67;-160;-33;-178;-13;-149;-36;
running test Test_05/30 - random = 561Test_05, 29, -164;-173;-60;-187;-34;-170;-163;-169;-169;-185;-168;-172;-166;-166;-168;-169;-182;-34;-173;-168;-17;-158;-147;-151;-172;-185;-170;-167;-60;-159;-158;-147;-176;-176;-159;-174;-178;-166;-139;-178;-49;-187;-44;-140;-176;-183;-168;-49;-14;0;-171;-150;-184;-174;-49;-43;-180;-17;-178;-156;-152;-173;-155;-171;-34;-175;-164;-196;-173;-172;-187;-152;-16;-157;-178;-29;-177;-173;-170;-186;
