running test Test_08/1 - random = 864Test_08, 0, -352;-351;-218;-311;-299;-377;-358;-89;-299;-286;-274;-345;-21;-313;-366;-362;-313;-357;-365;-320;-381;-350;-381;-317;-341;-377;-334;-393;-285;-307;0;-309;0;0;-259;-291;-344;-378;-375;-254;-322;-356;-355;-295;-330;-394;-321;-313;-261;-204;-399;-323;-316;-335;-281;-376;-280;-375;-375;-250;-401;-298;-334;-409;-363;-404;-287;0;-335;-358;-89;-411;-368;-371;-94;-342;-301;-391;-281;-339;
running test Test_08/2 - random = 137Test_08, 1, -293;0;-274;-247;0;-316;0;-21;-351;-223;-274;-319;-251;-348;-255;-317;-218;-275;-269;-305;-296;-298;-262;-297;-74;-307;-331;-296;-354;-273;-259;-250;-327;-317;-319;0;-247;-268;-292;-245;-311;-284;-359;-229;-310;0;-334;-288;-264;-303;-354;-306;-277;-270;-312;-343;-283;-333;-264;-253;-346;-330;-340;0;-267;-298;-202;-301;-298;-495;-308;-317;-221;-337;-258;-360;-306;-266;-274;-296;
running test Test_08/3 - random = 978Test_08, 2, -274;-52;-226;-319;-310;-243;-106;-286;-305;-231;-281;-238;-300;-254;0;0;-276;-262;-224;-223;-214;-73;-15;-15;-280;-255;-260;-56;-65;-284;-28;-243;-175;-293;-288;-294;-188;-300;-288;-219;-257;-205;-227;-298;-75;-262;-305;-270;-305;-305;-295;-88;-316;-289;-277;-280;-303;-283;-248;-283;-282;-282;-323;-280;-248;-299;-293;-334;-318;-261;-305;-311;-277;-305;0;-304;-256;-320;-316;-211;
running test Test_08/4 - random = 243Test_08, 3, -352;-357;-266;-209;-340;-255;-316;-287;-285;-342;-329;-379;-274;-235;0;0;-370;0;-310;-25;-330;-353;-268;-306;-293;-353;-356;-318;0;-254;-356;-339;-310;-277;-333;-235;-325;-267;-354;-334;-294;-349;-348;-342;-310;-273;-256;-396;-282;-415;-327;-324;0;0;-336;0;-290;-345;-325;-333;-28;-299;-318;-353;-274;-57;-294;-284;-344;-380;-16;0;-322;-322;-380;-312;-307;-322;-351;-15;
running test Test_08/5 - random = 241Test_08, 4, -248;-236;-231;-243;-265;-257;-169;-40;-298;-282;0;-271;-266;-238;-254;0;-189;-281;-234;-238;-229;-241;-115;-250;-254;-194;-252;-255;-183;-262;-248;-253;-240;-206;-192;-235;-271;-230;-171;-258;-46;-275;-180;-261;-252;-255;-246;-210;-299;-222;-106;-294;-103;-245;-274;-286;-222;-256;-251;-275;-278;-177;-222;-57;-231;-208;-259;-208;-271;-231;-242;-294;-270;-230;-258;-259;-75;-143;-272;-248;
running test Test_08/6 - random = 637Test_08, 5, -226;-311;0;0;-296;-324;-361;-293;-215;-275;-342;-298;-300;-227;-319;-338;-308;-274;-375;-374;-318;-300;-275;-295;-260;-319;-181;-14;-262;-307;-289;-281;-322;-248;-268;-300;-269;-332;-238;-309;-269;-270;-324;-326;-338;-358;-264;0;-337;-325;-255;0;-311;-331;-308;-311;-347;-337;-338;-335;-223;-339;-329;-298;-312;-281;-306;-286;-253;-319;-304;-210;-290;-303;-283;-332;-30;-324;-363;-371;
running test Test_08/7 - random = 812Test_08, 6, -307;-390;-25;-214;-365;-23;-340;-327;-223;-356;-326;-350;-395;-349;-376;-317;-318;-291;-383;-375;-304;-300;-205;-327;-342;-405;-327;-325;-308;-348;-294;-356;-423;-290;-373;-246;-370;-240;-353;-348;-323;0;-274;-299;-364;-375;-384;-326;-367;-364;-377;-324;-323;-320;-357;-313;-362;-327;-260;-401;-385;-337;-394;-304;-335;-369;-276;-323;-333;-223;-372;0;-353;-306;-342;-321;-384;-329;-300;0;
running test Test_08/8 - random = 331Test_08, 7, -321;-255;-189;-264;-237;-348;-307;-282;-197;-284;-360;-428;-244;-357;-307;-266;-327;0;-292;-259;-299;-299;-279;-231;-286;-291;-45;-213;-214;-285;-200;-333;-111;-283;-295;-297;-273;-286;-360;-339;-338;-325;-299;-292;-309;-342;-341;-342;-302;-337;-365;-265;-302;-279;-303;-229;-314;-336;-250;-280;-262;-316;-195;-214;-210;-330;-191;-263;-308;0;-295;-323;-339;-351;-317;-242;-203;-321;-272;-231;
running test Test_08/9 - random = 232Test_08, 8, -287;-536;-414;-510;0;-536;-559;-399;-412;-471;-546;-483;-402;-569;-500;-455;-493;-530;-516;-503;-217;-520;-423;-490;-511;-597;-392;-468;-379;-46;-358;-438;-456;-508;-499;-94;-467;-482;-450;-481;-449;-527;-537;-506;-547;-485;-445;-473;-388;-375;-445;-385;-546;-525;-428;-473;-549;-514;-432;-346;-379;-445;-413;-339;-423;-516;-513;-503;-583;-427;-508;-536;-542;-39;-335;-412;-521;-495;-484;-528;
running test Test_08/10 - random = 474Test_08, 9, -303;-355;-423;-359;-352;-415;0;-533;-314;-424;-271;-399;-316;-329;-403;-355;-430;-366;-371;-364;-324;-298;-312;-364;-287;-349;-366;-314;-351;-351;-328;-274;-266;-427;0;-274;-392;-333;-229;-413;-295;-458;-346;-380;-420;-342;-405;-354;-254;-418;-315;-264;0;0;-296;0;-338;-395;-281;-419;-334;-375;-244;-407;-285;-364;-298;-354;-330;-366;-385;-364;-244;-266;-382;0;-391;-352;-360;-357;
running test Test_08/11 - random = 585Test_08, 10, -203;-222;-265;-268;-266;-208;-270;-233;-160;-211;-230;-254;-268;-173;0;-252;-257;-187;-281;-220;-235;-229;-154;-220;-244;-265;-371;-278;-232;-238;-240;-257;-263;-220;-221;-243;-240;-192;-250;-237;0;-225;-199;-28;-205;-182;-243;-271;-235;-251;-248;-212;-209;-151;-277;-206;-234;-217;-250;-207;-264;-175;-286;-256;-263;-235;-236;-271;-211;-244;-285;-200;-217;-223;-232;-226;-221;-222;-269;-275;
running test Test_08/12 - random = 463Test_08, 11, -432;-437;-448;-259;-29;-393;-373;-308;-359;-322;-316;-397;-80;-304;-297;-263;-366;-86;0;-410;-437;-440;-365;-429;-360;-448;-297;-384;-340;-328;-356;-464;-344;-422;-390;-457;-312;-447;-406;-330;-401;-129;-430;-446;-409;-354;-474;-417;-335;-324;-420;-340;-436;-308;-365;-380;-246;-389;-346;-453;-450;-413;-444;-117;-358;0;-433;-418;-275;-323;-268;-460;-348;-348;-335;-425;-324;-12;-428;-420;
running test Test_08/13 - random = 485Test_08, 12, -182;-264;-338;-273;-329;-55;-213;-232;-187;-195;-282;-309;-301;-288;-293;-279;-381;0;0;-178;-279;-268;-222;-327;-189;-296;-305;-290;-255;-262;-266;-283;-269;-298;0;-199;-298;-232;-267;-298;0;-189;-249;-293;-274;-284;-208;-252;-245;-308;-282;-252;-203;-218;-236;-277;-262;-249;0;0;-271;-228;-285;-308;-277;-45;-246;-243;-246;-218;-190;-294;-300;-321;-207;-261;-292;-289;-248;-249;
running test Test_08/14 - random = 265Test_08, 13, -496;-429;-489;-475;-416;-301;-35;-462;-337;0;-74;-72;-309;-447;0;-392;-96;-94;-489;-422;-462;-487;-462;-487;-469;-498;-434;-379;-88;0;-446;-449;-493;-440;-432;-398;-483;-457;-137;-496;-344;0;-400;-411;-404;-308;-504;-44;-433;-446;-491;-393;-513;-351;-325;-53;-342;-337;0;-290;-441;-425;-399;-414;-450;-463;-327;-341;-407;-481;0;-371;-271;-449;-385;-309;-476;-481;-48;-478;
running test Test_08/15 - random = 109Test_08, 14, -334;-425;-278;-259;-289;-219;-273;-370;-287;-354;-406;-207;-278;0;-305;-363;-346;-333;-380;-321;-303;-401;-366;-298;-321;-263;0;-303;-295;-306;-307;-344;-310;-369;-228;-324;-284;-328;-415;-278;-386;-299;-214;-22;-330;-238;0;-199;-308;-322;-351;-243;-305;-308;-299;-347;-305;-279;-300;0;-316;-370;-334;-393;-382;-258;-410;-420;-410;-369;-352;-364;0;-346;-379;-380;-271;-333;-62;-293;
running test Test_08/16 - random = 988Test_08, 15, -261;-276;-259;-252;-183;-284;-311;-241;-260;-323;0;0;-299;-253;-319;-254;-306;-290;-276;-275;-251;-222;-63;-327;-231;-243;-270;-233;-260;-227;-248;-236;-311;-220;-218;-272;-194;-287;-253;-238;-199;-239;-40;-283;-337;-181;0;0;-277;0;-342;-233;-296;0;-252;-271;-274;-276;-254;-188;-272;-197;-268;-298;-233;-313;-228;-195;-327;-329;-249;-241;-239;-267;-230;-241;-256;-300;-266;-268;
running test Test_08/17 - random = 370Test_08, 16, -376;-455;-519;-355;-416;-511;-338;-398;-540;-449;-518;-481;0;-398;-308;-325;-396;-422;-432;-486;-332;-504;-409;-360;-414;-470;-465;-444;-527;-371;-395;-411;-469;-335;-507;-318;-499;-506;-506;0;-420;-443;-387;-527;-405;0;-309;-390;-386;-495;-529;0;-300;-417;-463;0;-450;-507;-366;-460;-366;-498;-522;-349;-409;-388;-407;-454;-446;-553;-393;-446;-377;-358;-488;-515;-460;0;-446;-430;
running test Test_08/18 - random = 534Test_08, 17, -233;-258;-302;-306;-34;-305;-287;-270;-274;-226;0;-319;0;-291;-276;-271;-296;-257;-301;-280;-267;-312;-63;-262;-278;-248;-295;-87;-313;-231;-260;-306;-323;-244;-322;-325;-298;-317;-355;-214;-318;-268;-278;-288;-314;-297;-356;-317;-279;-330;-294;-286;-114;-282;-262;-339;-195;-221;-251;-280;-245;-322;-297;-293;-297;-293;-291;-271;-278;-279;-322;-282;-191;-182;-297;-210;-258;-288;0;-23;
running test Test_08/19 - random = 185Test_08, 18, -347;-447;-377;-304;-402;-359;-476;-385;-303;-349;-390;-373;-432;-388;-389;0;-381;-397;0;-308;-388;-420;-359;-363;-377;0;-434;-432;-340;-361;-336;-372;-327;-372;-400;-352;-430;-359;-317;-391;-397;0;-346;-442;-419;-452;-473;-306;-243;-420;-436;-399;-453;-412;-308;-348;-344;-364;-317;-392;-366;-429;-398;-338;-447;-451;-465;-391;-292;-366;-337;-430;-378;-331;-433;-367;-396;-424;-306;-424;
running test Test_08/20 - random = 693Test_08, 19, -338;-243;-322;-344;-245;-341;-89;-340;-248;-272;-12;0;-220;-330;-344;-220;-328;-359;-357;-365;-217;-252;-234;-279;-176;-366;-56;0;-348;-78;-297;-307;-44;-244;-331;-294;-49;-49;-254;-336;-223;-293;-333;-375;-232;-331;-23;-349;-13;0;-258;-277;-220;0;-340;-359;-278;-225;-63;-333;-342;-265;-346;-361;-356;-217;-241;-352;-294;-276;-126;-263;-47;-227;-197;-333;-241;-219;-339;-334;
