running test Test_10/1 - random = 864Test_10, 0, -405;-352;-229;0;-364;0;-306;-266;-311;0;-253;-353;-303;-386;-299;-425;-385;-359;-284;-361;-253;-294;0;0;-312;-319;-360;-388;-269;-320;-248;-360;-221;0;-330;0;-375;-294;-363;-282;-317;-373;-336;-366;-339;-380;-273;-268;-395;-339;-303;-353;-380;-409;-377;-281;-236;-294;-357;-294;-353;-290;-392;-387;-291;-313;-325;-358;-357;-270;-362;-321;-269;-350;-317;-273;-328;-277;-383;-373;-280;-324;-291;-367;-354;-287;-363;-352;-364;-259;-327;-421;-333;-265;-307;-347;-348;-395;-377;-389;
running test Test_10/2 - random = 137Test_10, 1, -474;-435;-391;-451;-412;-396;-423;-472;-493;-409;-459;-380;-387;-418;-453;-431;-430;-342;-476;-389;-470;-407;-461;-472;-534;-458;-468;-370;-403;-476;-381;-48;-382;-345;-388;-448;-487;-512;-502;-442;0;-414;-396;-416;-377;-390;-484;-96;-508;-398;-449;-460;-372;-332;-487;-484;-500;-447;-432;-513;-471;-364;-474;-466;-329;-408;-517;-379;-492;-141;-395;-489;-433;-72;-503;-437;-365;-463;-495;-458;-477;-392;-428;-46;-21;-415;-467;-458;-368;-452;0;-327;-486;-396;-320;-505;-468;-368;-448;-486;
running test Test_10/3 - random = 978Test_10, 2, -400;-530;-409;-453;-435;-469;-427;-484;-188;-190;-303;-479;-386;-409;-457;-344;-454;-463;-448;-448;-418;-53;-471;-37;-423;-379;-432;-418;-404;-465;-486;-398;-365;-465;-414;-477;-474;-415;-444;-455;-500;-377;-402;-456;-471;-389;-436;-417;-31;-473;-380;-460;-177;-339;-396;-438;-537;-293;-17;-264;-405;-435;-309;-108;-474;-388;-433;-468;-453;-417;-439;-452;-441;-471;-353;-432;-415;-68;-516;0;-436;-283;-44;-557;-284;-309;-99;-447;-74;-232;-443;-292;-316;-415;-428;-409;-498;-425;-398;-307;
running test Test_10/4 - random = 243Test_10, 3, -492;-511;-469;-477;-550;-293;-510;-346;-431;-521;-568;-561;-404;-400;-436;-61;-502;-537;-438;-506;-162;-334;-455;-482;-440;-536;-511;-560;-368;-110;0;-456;-516;-21;0;0;-465;-48;-500;-569;-501;-352;-527;-365;-537;-367;-499;-573;-459;-462;-449;-497;-372;-446;-413;-493;-443;-323;-476;-555;-475;-374;-522;-479;-464;-506;-540;-555;-447;-342;-382;-337;-433;-504;-501;-528;-424;-455;-485;-500;-478;-432;-140;-367;-517;-527;-531;-381;-353;-426;-508;-499;-446;-361;-493;-534;-400;-481;-504;-103;
running test Test_10/5 - random = 241Test_10, 4, -486;-528;-533;-633;-311;-468;-345;-485;-416;0;-111;-363;-499;-294;-445;-403;-470;-446;-119;-464;-345;-506;-342;-364;-299;-312;-441;-540;-422;-506;-369;0;-302;-91;-115;-454;-571;-494;-332;-420;-309;-472;-330;-472;-416;-409;-490;-529;-384;-403;-543;-382;-482;-332;-511;-546;-314;0;-394;-431;-76;-269;-456;-496;-409;0;-404;-444;-393;-501;-422;-501;-331;-418;-450;-412;-342;-364;-398;-325;-393;-83;-541;-281;0;0;-342;-474;-441;-357;-489;-426;-262;-332;-293;-421;-422;-94;-486;-319;
running test Test_10/6 - random = 637Test_10, 5, -524;0;-432;-574;-566;-524;-338;0;-628;-571;-469;-602;-563;-578;-106;-541;-569;-558;-149;-53;-543;-625;-560;-604;-553;-569;-549;-639;-426;-488;-511;-582;-426;-61;-529;-601;-545;-356;-531;-460;-508;-602;-538;-611;-393;0;-435;-597;0;0;-460;-442;-584;-462;-575;-670;-595;-519;-541;-493;-626;-349;-406;-503;-341;-578;-548;0;-620;-502;0;-564;-503;-559;-649;-402;-643;-625;-468;-672;-568;-698;-504;-89;-565;-393;-471;-446;-617;-599;0;-578;-463;-435;-610;-486;-577;-698;-637;-527;
running test Test_10/7 - random = 812Test_10, 6, -347;-329;-373;-346;0;-344;0;-385;-287;-305;-347;-357;-368;-279;-350;-342;-390;0;-436;-337;-376;-347;-45;-243;-255;-399;-304;-362;-357;-331;-321;-315;-290;-382;-338;-357;-406;-385;-390;-323;-363;-278;-330;-359;-360;-328;-321;-400;-384;-340;-302;-319;-426;-333;-419;-384;-337;-411;-271;-369;-313;-274;-340;-266;-258;-267;-387;-389;-387;-371;-228;-426;-264;-258;-375;-346;-387;-325;-211;-424;-339;-264;-219;-423;-396;-325;-281;-85;-355;-363;-413;-326;-350;-414;-324;-333;-315;-372;0;-45;
running test Test_10/8 - random = 331Test_10, 7, -687;-707;0;-57;-661;-668;0;0;-780;-809;-676;-647;-640;-759;-714;-740;-740;-448;-498;-684;-500;-521;-677;-441;-399;-692;-685;-665;-596;0;-595;-750;-671;-714;-662;-552;-792;-668;-457;-654;-512;-655;-681;-480;-758;-420;-518;-569;-779;-662;-766;-690;-451;-536;-705;-777;-77;-561;-776;-549;-766;-465;-759;-797;-662;-721;0;-639;-779;-668;-82;-553;-589;-673;-492;-724;-710;-679;-775;-611;-703;-679;-738;-537;-553;-571;-613;-537;-716;-540;-556;-499;-662;-819;-660;-578;-522;-550;-610;-103;
running test Test_10/9 - random = 232Test_10, 8, -388;-557;-508;-514;-530;-516;-542;-583;-439;-533;-440;-527;-577;-562;-436;-386;-572;-519;-499;-453;-481;-607;-416;-517;-481;-391;-448;-123;-456;-77;-316;-546;-401;0;-398;-373;-440;-585;-528;-436;-490;-415;-571;-455;0;-344;-536;-532;-405;-457;-488;-498;-486;-489;-500;-356;-551;-393;-510;-551;-526;-106;-205;-483;-562;-530;-449;-467;-391;-512;-510;-560;-567;-547;-308;-582;-590;-480;-85;-419;-564;-357;-399;-453;-502;-431;-376;-457;-494;-430;-410;-556;-404;-534;-461;-597;-438;-436;-569;-580;
running test Test_10/10 - random = 474Test_10, 9, -536;-344;0;-272;-415;-635;-586;-458;-371;-446;-440;-494;-554;-580;-482;-460;-605;-567;-640;-487;-464;-561;-557;-544;-485;-386;-482;-528;-469;-606;-425;-569;-347;-420;-652;-619;-639;-467;-435;-534;-451;-588;-491;-443;-592;-483;-421;-633;-449;-522;-357;-428;-426;-472;-542;-590;-565;-397;-431;-512;-394;-398;-442;-604;-524;-290;-578;-408;-549;-440;-449;-507;-581;-412;-497;-539;-350;-398;-492;-549;-532;-556;-460;-582;-550;0;-18;-549;-515;-606;-543;-506;-553;-475;-443;-520;-546;-78;-502;-566;
running test Test_10/11 - random = 585Test_10, 10, -431;-532;-327;-387;-431;-421;-409;-422;-346;-464;-356;-430;-380;-448;-396;-495;0;-400;-432;-438;-317;-385;0;-391;-380;-434;-404;-453;-387;-434;-343;-349;-426;-437;-45;-315;-317;-477;-448;-450;-446;-431;-462;-445;-456;-438;-285;-285;-394;0;-424;-422;-491;-479;-312;-437;-493;-384;-296;-406;-444;-372;-509;-422;0;-404;-391;-390;-380;-446;-324;-384;-424;-430;-255;-316;-358;-451;-365;-407;-404;-385;-457;-462;-487;-315;-450;-292;-409;-425;-349;-384;-421;-421;-318;-393;-401;-428;-258;-488;
running test Test_10/12 - random = 463Test_10, 11, -429;-504;-449;-420;-610;-626;-575;-502;-387;-526;-466;-594;-392;-503;-597;-583;-466;-508;-591;-459;-493;-531;-598;-442;-396;-374;-438;-492;-522;-652;-496;-514;-511;-551;-601;-541;-472;-517;0;-439;-458;-535;-458;-642;-658;-459;-512;-132;-441;-459;-568;-506;-442;-469;-612;-454;-486;-545;-547;-450;-546;-442;-453;-563;0;-505;-448;-435;-603;-413;-513;-459;-389;-513;-500;-649;-472;-510;-583;-484;-79;-75;-600;-485;-594;-543;-444;-564;-470;-584;-555;-614;-122;-509;-515;-547;-394;-518;-610;-540;
running test Test_10/13 - random = 485Test_10, 12, -695;-696;-667;-690;-714;-636;-743;-675;0;0;-516;-593;-534;-550;-663;-559;-487;-524;-577;-688;-625;-623;-724;-630;-465;-431;-565;-402;-463;-506;-579;0;-712;-682;-590;-628;-611;-731;-558;-612;-664;-641;-707;-541;-586;-592;-492;-768;-704;-657;-672;-596;-676;-160;-681;-509;-759;-618;-602;-723;-709;-609;-544;-625;-535;-531;-574;-605;-578;-593;-41;-519;-672;-142;-720;-696;-606;-76;-671;-575;-454;-425;-565;-609;-483;-478;-540;-650;-650;-564;-79;-728;-700;-704;-566;-633;-618;-753;-731;-454;
running test Test_10/14 - random = 265Test_10, 13, -310;-318;-354;-309;-290;-276;-351;-241;-362;-294;-312;-333;-273;-325;-291;-339;-366;-33;-327;-269;-353;-287;-322;-354;-332;-378;-352;-383;-268;-337;-279;-358;-383;-354;-373;-380;-349;-325;-347;-385;-357;-47;-368;-266;-283;-379;-299;-251;-375;-213;-387;-405;-485;-296;-230;-381;-304;-378;-325;-380;-343;0;-317;-401;-382;-310;-294;-302;-367;-275;-94;-321;-333;-338;-416;-204;-310;-324;-216;-91;-398;-328;-334;-266;-304;-339;-286;-367;-322;-324;-383;-344;-103;-365;-219;-307;-369;-343;-334;-50;
running test Test_10/15 - random = 109Test_10, 14, -500;-466;-341;-362;-365;-407;-468;-437;-480;-529;-445;-323;-399;-424;-321;-505;-253;-264;-492;-467;-503;-281;-483;-425;-525;-362;-518;-476;-420;-267;-464;-479;-455;-479;-451;-375;-460;-406;-436;-433;-317;-399;-422;-306;-464;-423;-343;-503;-433;-471;-503;-486;-360;-371;-473;-431;-28;-313;-349;-469;-464;-376;-320;-479;-421;-369;-442;-373;-369;-431;-381;0;-511;-474;-437;-449;-415;-422;-548;-411;-467;-435;-439;-452;-348;-536;-464;-454;-403;-527;-451;-475;-474;0;-17;-419;-122;-360;0;-294;
running test Test_10/16 - random = 988Test_10, 15, -589;-782;-783;-625;-743;-730;-506;-534;-662;-642;-711;-664;-682;-711;-935;-489;-728;-257;-781;-761;-107;-684;-685;-756;-680;-844;-673;-748;-667;-482;-615;-439;-870;-885;-194;-981;-772;-914;-455;-879;-727;-945;-816;-906;-657;-715;-814;-488;-864;0;-577;-745;-766;-747;-789;-681;-753;-704;-637;-596;-677;-699;-754;-619;-81;-487;-533;-787;-658;-556;-831;-791;-790;-738;-748;-719;-666;-811;-644;-430;-512;-724;-549;-511;0;-24;-85;-685;-644;-573;-219;-774;-775;-778;-762;-682;-708;-698;-724;0;
running test Test_10/17 - random = 370Test_10, 16, -671;-617;-670;-587;-455;-497;0;0;-494;-410;-631;-617;-604;-568;-624;-576;-636;-615;-583;-551;-555;-615;-555;-497;-622;-561;-600;-475;-675;-509;-433;-499;-561;-584;-599;0;-600;-577;-591;-545;-623;-400;-553;-538;-454;-615;-510;-647;-465;-629;-445;-573;-532;-347;-529;-559;0;-562;-413;-623;-347;-570;-463;-493;-387;-605;-496;-370;-592;-586;-590;-444;-615;-370;-435;-423;-439;-530;-579;-572;-595;-415;-547;-377;-420;-603;-475;-592;-562;-619;-619;-506;-594;-644;-1;0;0;-387;-508;-626;
running test Test_10/18 - random = 534Test_10, 17, -413;-557;-471;-486;-597;-615;0;-429;-510;-547;-518;-546;-555;-555;-525;-506;-565;-503;-417;-531;-391;-359;-432;-605;-539;-528;-362;-489;-496;-551;-515;-512;-513;-563;-406;-404;-467;-592;-469;-400;-388;-521;-645;-586;-561;-491;-586;-418;-476;-521;-552;-476;-487;-481;-81;-332;0;-476;0;-527;-440;-502;-527;-632;-456;-549;-517;-391;-328;-431;-547;-496;-75;-536;-401;-459;-467;-424;-550;-545;-606;-455;-590;-587;-528;-553;-491;-565;-458;-505;-410;-405;-327;-597;-520;-388;-475;-534;-558;-489;
running test Test_10/19 - random = 185Test_10, 18, -462;-367;-430;-371;-391;-313;-350;-290;-402;-425;-437;-480;-361;-440;-422;-507;-490;-86;-364;-439;-432;-372;-406;-390;-334;-435;-373;-439;-352;-482;-529;-468;-419;-416;-455;-432;-454;-418;-420;-443;-350;-411;-461;-449;-297;-353;-419;-450;0;0;-355;0;-494;-386;-494;-438;-353;-455;-452;-383;-473;-485;-438;-429;-347;-424;-450;-381;-400;-392;-340;-125;-377;-393;-412;-400;-438;-411;-387;-382;0;-387;-370;-319;-360;-408;-442;-326;-338;-437;-326;-487;-439;-408;-519;-473;-381;-82;-318;-389;
running test Test_10/20 - random = 693Test_10, 19, -516;-489;-102;-493;-452;-517;-482;-466;-489;-446;-471;-517;-516;-327;-303;-415;-113;-471;-485;-390;0;-54;-442;-409;-406;-498;-407;-476;-520;-517;-487;-445;-327;-382;-349;-500;-428;-431;-494;-314;-475;-434;-384;-327;-434;-464;-479;-394;-53;-511;-487;-317;-407;-335;-406;-412;-303;-40;-416;-485;-415;-519;-558;-289;-445;-468;-485;-512;-473;-384;-438;-352;-490;-499;-467;-506;-424;-332;-451;-340;-454;-496;-517;-405;-62;-392;-403;-505;-509;-278;-338;-518;-486;-402;-466;-321;-571;-419;-486;-488;
