running test Test_02/1 - random = 864Test_02, 0, -113;-99;-90;0;-83;-107;-70;-102;-99;-99;-110;-107;0;-90;-98;-90;0;0;-108;-90;
running test Test_02/2 - random = 137Test_02, 1, -97;-102;-111;-98;-90;-82;-104;-81;-95;-99;-86;-100;0;-103;-85;-94;-85;-83;-72;-108;
running test Test_02/3 - random = 978Test_02, 2, -120;0;-110;-101;-94;-73;-88;-93;-99;-104;-109;-95;-108;-76;-100;-87;0;-91;0;-103;
running test Test_02/4 - random = 243Test_02, 3, -35;-125;-127;-138;-113;-136;-33;-134;-107;-162;-119;-130;-130;-104;-100;-113;-132;-141;-169;-171;
running test Test_02/5 - random = 241Test_02, 4, -66;-68;-78;-62;-69;-79;-68;-23;-70;-69;-61;-71;-71;-67;-66;-61;-72;-23;-61;-66;
running test Test_02/6 - random = 637Test_02, 5, 0;0;0;-109;-123;-123;-115;-119;0;-112;-109;0;0;0;-101;-113;-116;-67;0;-108;
running test Test_02/7 - random = 812Test_02, 6, -42;-66;-58;-43;-43;-41;-41;-54;-41;-53;-64;-67;-43;-43;-63;-57;-43;-56;-44;-57;
running test Test_02/8 - random = 331Test_02, 7, -136;-100;-98;-151;-126;-134;-134;-154;0;-100;-147;-97;-137;-161;-129;-157;-135;-120;-157;-109;
running test Test_02/9 - random = 232Test_02, 8, -110;0;0;0;-83;-105;-105;-90;-102;-87;-108;-100;-93;0;-92;-85;-107;-97;-104;-107;
running test Test_02/10 - random = 474Test_02, 9, -77;-93;-73;-101;-86;-74;-86;-88;-91;-81;-106;-89;-95;-63;-82;-64;-115;-94;-79;-89;
running test Test_02/11 - random = 585Test_02, 10, -114;-109;-167;-89;-120;-92;-113;-126;-103;-137;-108;-91;-91;-116;-96;-116;-122;-113;-100;-140;
running test Test_02/12 - random = 463Test_02, 11, -139;-124;-120;0;-117;0;-115;-113;-94;-145;-171;-121;-136;-111;-131;-90;-167;-119;-96;-119;
running test Test_02/13 - random = 485Test_02, 12, -103;-115;-117;-37;-110;-143;-134;-35;-106;-124;-137;-110;-122;-121;0;-109;-98;-77;-120;-22;
running test Test_02/14 - random = 265Test_02, 13, -72;-66;-63;-86;-66;-68;-70;-69;-67;-77;-72;-102;-77;-71;-72;-83;-72;-79;-68;-68;
running test Test_02/15 - random = 109Test_02, 14, -105;-130;-81;-103;-86;-101;-101;-100;-110;-125;-101;-80;-89;-77;-76;-104;-113;-109;-68;-100;
running test Test_02/16 - random = 988Test_02, 15, -61;-73;-71;-71;-74;-74;0;-17;-77;-75;-17;0;-63;-83;-71;-61;-82;-17;-72;-79;
running test Test_02/17 - random = 370Test_02, 16, -80;-74;-68;-74;-76;-83;-15;-83;-75;-60;-69;-70;-21;-49;-97;-72;-83;-66;-80;-71;
running test Test_02/18 - random = 534Test_02, 17, -60;0;-56;0;-66;0;0;-60;-58;-63;0;-60;0;-79;0;-62;0;-60;-62;0;
running test Test_02/19 - random = 185Test_02, 18, -77;-72;-77;-51;-74;-74;-93;-67;-80;-75;-63;-81;-73;-66;-74;-73;-98;-72;-93;-72;
running test Test_02/20 - random = 693Test_02, 19, -71;-104;-88;-93;-95;-70;-83;-97;-83;-83;-72;-87;-98;-96;-85;-70;-83;-77;-85;-93;
running test Test_02/21 - random = 927Test_02, 20, -118;-137;-95;0;-142;-121;0;-143;-124;-120;-127;0;-131;-136;-134;-128;-119;-119;0;-122;
running test Test_02/22 - random = 168Test_02, 21, -111;-102;-102;-71;-103;-112;-104;-96;-99;-104;-112;0;-93;-76;-88;-70;-106;-109;-88;-102;
running test Test_02/23 - random = 981Test_02, 22, -121;-126;-120;-109;-104;-106;0;-104;-124;-107;-104;-119;-21;-110;-124;-81;-92;-127;-115;-135;
running test Test_02/24 - random = 947Test_02, 23, -95;-118;0;-76;-89;-71;-68;-20;-77;-89;-92;-104;-98;-88;-88;-90;-81;-75;-100;-90;
running test Test_02/25 - random = 729Test_02, 24, -58;-82;0;-59;0;-70;-74;-57;-78;-63;-16;-82;-61;-71;-89;-89;0;-67;0;-47;
running test Test_02/26 - random = 386Test_02, 25, 0;0;-64;-82;-63;-113;0;-102;-74;-97;-74;-111;-113;-63;-79;-90;-112;-63;-73;-83;
running test Test_02/27 - random = 765Test_02, 26, -82;-77;0;-85;-82;-73;0;-66;0;-101;-15;0;-80;0;-97;-101;-79;-86;-87;-97;
running test Test_02/28 - random = 664Test_02, 27, -84;-94;-23;-82;-58;-92;-86;-89;-77;-87;-75;-82;-84;-82;-84;-89;-65;-93;-62;-70;
running test Test_02/29 - random = 115Test_02, 28, -60;-71;-69;-56;0;-77;-94;-70;0;-94;-101;0;-63;-96;-71;-59;-74;-94;0;0;
running test Test_02/30 - random = 561Test_02, 29, -139;-141;-137;-137;-151;-155;-133;-115;-95;-142;-132;-148;-95;-134;-95;-155;-132;-121;-172;-142;
running test Test_02/31 - random = 552Test_02, 30, -116;-97;-123;-82;-133;-128;-134;-102;-128;-100;-120;-12;-114;-149;-126;-117;-129;-118;-130;-120;
running test Test_02/32 - random = 12Test_02, 31, -71;-111;-105;0;0;-75;0;-92;-124;-70;0;-106;-129;0;-118;0;-116;-98;0;-126;
running test Test_02/33 - random = 79Test_02, 32, -106;-104;-102;-40;-130;-123;-122;-103;-21;-130;-101;-40;-104;-109;-97;-115;-115;-120;-108;-113;
running test Test_02/34 - random = 584Test_02, 33, -87;-85;-92;-87;-102;-85;-87;-95;-16;-86;-71;-81;-25;-69;-87;-114;-88;-25;-101;-98;
running test Test_02/35 - random = 541Test_02, 34, -117;-86;-123;-119;-97;0;-142;-87;-129;-129;-98;-106;0;-140;0;-136;-84;0;-138;-120;
running test Test_02/36 - random = 561Test_02, 35, -90;-92;-85;-86;-80;-96;-91;-69;-64;-89;-91;-93;-87;0;-80;-111;0;-83;-112;0;
running test Test_02/37 - random = 336Test_02, 36, -96;-96;-20;-90;-96;-110;-56;-83;-85;-20;-112;-89;-82;-75;-56;0;-84;-16;-56;-87;
running test Test_02/38 - random = 698Test_02, 37, 0;-69;0;-69;-101;-72;0;-70;-72;-72;-68;-68;0;-69;-73;0;-82;-95;0;0;
running test Test_02/39 - random = 654Test_02, 38, 0;0;-152;-103;-173;-135;-34;-169;-131;-127;-126;-117;-133;-123;-144;-151;0;-18;-34;-156;
running test Test_02/40 - random = 214Test_02, 39, -108;-130;-74;-117;-116;-74;-140;-108;0;-79;-122;0;-121;-38;0;-122;-23;-148;-121;-126;
running test Test_02/41 - random = 469Test_02, 40, -92;-83;-67;-83;-87;-86;-83;-83;-85;-77;-77;-78;-72;-87;-79;-86;-67;-78;-87;-87;
running test Test_02/42 - random = 390Test_02, 41, -120;-44;-88;-95;-44;-112;-70;-123;-70;-125;0;-122;-24;-97;-123;-70;-24;-114;-91;-100;
running test Test_02/43 - random = 654Test_02, 42, 0;-130;-131;-120;0;-123;-148;-113;0;-131;-146;-151;-144;-135;-130;-126;0;-124;-129;-105;
running test Test_02/44 - random = 39Test_02, 43, -77;-68;-83;-76;-20;0;-77;-20;-86;-56;-74;-79;-78;-74;-83;-56;-78;-88;-57;-76;
running test Test_02/45 - random = 418Test_02, 44, -83;-102;-100;-38;0;-15;-102;-113;-103;-99;-115;-22;-22;-104;-117;-106;-111;0;-15;0;
running test Test_02/46 - random = 278Test_02, 45, -101;-78;-125;-101;-98;-90;-96;-114;-102;-94;-101;-97;-131;-106;-89;-104;-109;-111;-117;-112;
running test Test_02/47 - random = 909Test_02, 46, -69;-73;-65;-66;-63;-74;-66;-77;-71;-62;-66;-66;-75;-99;-68;-78;-74;-78;-72;-67;
running test Test_02/48 - random = 360Test_02, 47, -153;0;-105;-111;-104;-83;-146;-109;-89;-110;-125;-127;-109;-146;-144;-103;-156;-92;-89;-106;
running test Test_02/49 - random = 561Test_02, 48, -90;-92;-85;-86;-80;-96;-91;-69;-64;-89;-91;-93;-87;0;-80;-111;0;-83;-112;0;
running test Test_02/50 - random = 68Test_02, 49, -77;-102;-114;0;0;-84;-127;-79;-95;-122;0;0;0;-111;-104;-80;-104;-125;0;-130;
