running test Test_02/1 - random = 864Test_02, 0, 0;-105;0;0;0;-68;0;-95;-103;-105;0;-101;-81;0;0;0;-107;0;-68;0;
running test Test_02/2 - random = 137Test_02, 1, -61;0;-25;0;-66;-68;-1;-85;-78;0;-82;-14;0;-1;-101;-13;0;0;0;0;
running test Test_02/3 - random = 978Test_02, 2, -80;-85;0;0;-65;0;-86;-74;0;-12;0;-66;-59;0;-100;-10;-80;-87;-73;-64;
running test Test_02/4 - random = 243Test_02, 3, 0;0;0;0;-44;-10;0;0;-14;0;0;0;0;0;0;-22;-7;0;-4;0;
running test Test_02/5 - random = 241Test_02, 4, -16;0;0;0;-8;0;0;-6;-18;0;-52;-16;-25;0;-19;-9;0;-8;-12;-62;
running test Test_02/6 - random = 637Test_02, 5, 0;0;0;0;0;0;-8;0;0;0;0;0;0;0;0;-6;0;-1;0;0;
running test Test_02/7 - random = 812Test_02, 6, 0;-65;0;0;0;-38;-40;-54;-42;-54;0;-52;-42;0;-47;-57;0;-50;-43;-59;
running test Test_02/8 - random = 331Test_02, 7, -3;0;0;0;0;0;-2;-29;0;-1;0;0;-8;0;0;0;0;0;0;-7;
running test Test_02/9 - random = 232Test_02, 8, 0;0;0;0;-2;0;0;0;0;0;0;-6;0;0;0;0;0;0;0;0;
running test Test_02/10 - random = 474Test_02, 9, 0;0;0;0;0;0;-22;0;-22;-12;0;-20;0;0;-20;0;0;0;-21;0;
running test Test_02/11 - random = 585Test_02, 10, 0;0;-2;0;0;0;0;0;0;0;0;-13;-13;0;0;-20;0;0;0;0;
running test Test_02/12 - random = 463Test_02, 11, -38;-11;0;0;-71;0;0;0;0;0;0;0;-35;0;0;0;-49;-17;-15;-76;
running test Test_02/13 - random = 485Test_02, 12, 0;-115;0;0;-122;0;0;0;0;0;0;0;-134;0;0;0;0;-111;0;0;
running test Test_02/14 - random = 265Test_02, 13, 0;0;0;0;-61;0;-68;0;0;-24;0;0;-24;-73;0;0;0;-26;-24;0;
running test Test_02/15 - random = 109Test_02, 14, -60;0;0;-59;-8;-33;-5;0;0;0;0;0;-16;0;-22;-2;-12;0;0;-32;
running test Test_02/16 - random = 988Test_02, 15, -59;-75;-71;-69;-74;-75;0;-17;-81;-76;-17;0;-62;-83;-72;-59;-80;-17;-72;-82;
running test Test_02/17 - random = 370Test_02, 16, 0;0;0;-33;0;-1;-59;-81;0;-31;-4;0;0;-15;-16;0;-91;-64;-84;0;
running test Test_02/18 - random = 534Test_02, 17, 0;0;0;0;0;0;0;0;0;0;0;0;0;-20;0;0;0;0;0;0;
running test Test_02/19 - random = 185Test_02, 18, 0;-59;0;-50;-64;0;0;-75;-77;0;-60;0;0;-76;0;-71;0;-61;0;-62;
running test Test_02/20 - random = 693Test_02, 19, -81;-83;0;-74;-84;0;0;-72;0;-74;-63;-84;-61;-95;-84;0;-27;-89;-70;-81;
running test Test_02/21 - random = 927Test_02, 20, 0;-130;-84;0;-6;0;-111;-7;0;-108;-119;0;-138;-143;-143;-135;0;-114;0;0;
running test Test_02/22 - random = 168Test_02, 21, 0;0;-92;0;-93;-113;-87;-82;0;-102;-70;0;-99;0;-91;-69;-107;-118;-86;-61;
running test Test_02/23 - random = 981Test_02, 22, -38;-4;0;-25;-30;0;0;0;0;0;-32;-1;0;0;-18;0;-2;0;0;0;
running test Test_02/24 - random = 947Test_02, 23, 0;0;0;-15;0;0;0;0;-16;-33;0;0;0;0;0;-34;-23;0;0;0;
running test Test_02/25 - random = 729Test_02, 24, 0;-15;0;0;0;0;0;0;-11;0;0;0;0;-4;0;0;0;0;0;0;
running test Test_02/26 - random = 386Test_02, 25, 0;0;-56;-79;-56;0;0;-102;-74;-94;-74;0;-113;-58;0;0;0;-56;0;-3;
running test Test_02/27 - random = 765Test_02, 26, -93;-64;0;0;-68;0;-59;0;-61;0;0;0;0;-74;-110;0;-91;-74;0;0;
running test Test_02/28 - random = 664Test_02, 27, 0;0;0;0;0;0;0;0;0;-5;0;-17;0;0;0;0;0;0;0;-5;
running test Test_02/29 - random = 115Test_02, 28, 0;0;0;0;0;0;-39;0;-85;-41;0;0;0;0;0;-86;0;-40;-21;0;
running test Test_02/30 - random = 561Test_02, 29, -126;-1;-147;0;-141;0;-120;-122;-105;-101;-121;-120;-101;-125;-104;-147;-118;-113;0;-101;
running test Test_02/31 - random = 552Test_02, 30, 0;0;0;0;-98;0;-103;0;-112;-98;0;0;0;0;-122;0;0;0;0;0;
running test Test_02/32 - random = 12Test_02, 31, 0;-113;-99;0;0;0;0;0;-40;0;0;0;0;0;0;0;0;-26;0;-40;
running test Test_02/33 - random = 79Test_02, 32, 0;0;0;-101;0;0;0;0;0;0;0;-40;0;0;0;0;0;0;0;-109;
running test Test_02/34 - random = 584Test_02, 33, 0;-20;-41;0;0;0;0;-46;0;0;0;-31;0;-15;-17;-19;0;0;0;0;
running test Test_02/35 - random = 541Test_02, 34, 0;-20;0;-26;-3;0;0;-21;0;0;-36;-52;-62;0;0;0;0;-58;0;-61;
running test Test_02/36 - random = 561Test_02, 35, 0;0;0;0;0;0;0;0;0;0;0;0;0;0;0;0;0;0;0;0;
running test Test_02/37 - random = 336Test_02, 36, 0;-99;0;0;0;-80;-81;0;0;0;-85;0;-71;-80;-82;0;0;0;-82;-114;
running test Test_02/38 - random = 698Test_02, 37, 0;0;0;0;0;0;0;0;0;0;0;0;0;0;0;0;-10;0;0;0;
running test Test_02/39 - random = 654Test_02, 38, 0;0;0;0;0;0;0;0;0;-8;0;-15;0;0;-27;0;0;0;0;0;
running test Test_02/40 - random = 214Test_02, 39, 0;0;0;-56;-55;0;0;0;0;0;0;-18;0;0;-12;0;0;0;0;0;
running test Test_02/41 - random = 469Test_02, 40, 0;0;0;0;-23;0;0;0;-25;-58;-57;-12;0;-25;-61;-12;0;0;-24;0;
running test Test_02/42 - random = 390Test_02, 41, 0;0;0;0;0;0;0;-32;0;-36;0;-32;0;0;-33;0;0;0;0;0;
running test Test_02/43 - random = 654Test_02, 42, 0;0;0;0;0;0;0;0;0;0;0;0;0;-8;0;-8;0;-27;-3;0;
running test Test_02/44 - random = 39Test_02, 43, 0;-20;0;-57;-61;0;-58;0;0;-80;0;-21;-63;-90;0;-82;-58;0;-82;-36;
running test Test_02/45 - random = 418Test_02, 44, 0;-51;-99;-34;0;-3;0;-97;-55;-98;-100;-80;-69;0;-3;-89;0;0;0;0;
running test Test_02/46 - random = 278Test_02, 45, 0;0;-59;0;0;0;0;-50;0;-25;0;-11;0;-8;0;0;0;-45;0;-47;
running test Test_02/47 - random = 909Test_02, 46, 0;-14;0;-21;-80;-24;-6;0;-47;-56;0;0;0;0;-11;0;-19;0;0;-11;
running test Test_02/48 - random = 360Test_02, 47, 0;-27;-92;0;-105;-81;0;-116;-89;-100;-97;0;0;0;0;-141;0;-7;-89;-93;
running test Test_02/49 - random = 561Test_02, 48, 0;0;0;0;0;0;0;0;0;0;0;0;0;0;0;0;0;0;0;0;
running test Test_02/50 - random = 68Test_02, 49, -84;-95;-109;0;0;-78;-119;0;-88;-128;0;0;0;0;0;0;-97;-133;0;0;
